1 1.300e-06 
2 4.000e-07 
3 6.000e-07 
4 4.000e-07 
5 2.000e-07 
6 3.000e-07 
7 4.000e-07 
8 7.000e-07 
9 6.000e-07 
10 6.000e-07 
11 1.500e-06 
12 5.000e-07 
13 5.000e-07 
14 7.000e-07 
15 5.000e-07 
16 5.000e-07 
17 6.000e-07 
18 4.000e-07 
19 7.000e-07 
20 7.000e-07 
21 1.300e-06 
22 1.000e-06 
23 7.000e-07 
24 7.000e-07 
25 5.000e-07 
26 9.000e-07 
27 8.000e-07 
28 7.000e-07 
29 5.000e-07 
30 5.000e-07 
31 5.000e-07 
32 9.000e-07 
33 7.000e-07 
34 6.000e-07 
35 5.000e-07 
36 6.000e-07 
37 4.000e-07 
38 3.000e-07 
39 4.000e-07 
40 4.000e-07 
41 3.000e-07 
42 4.000e-07 
43 4.000e-07 
44 4.000e-07 
45 5.000e-07 
46 5.000e-07 
47 6.000e-07 
48 9.000e-07 
49 9.000e-07 
50 1.000e-06 
55 1.100e-06 
60 9.000e-07 
65 7.000e-07 
70 1.000e-06 
75 1.300e-06 
80 1.200e-06 
85 1.100e-06 
90 1.000e-06 
95 1.000e-06 
100 1.100e-06 
110 1.700e-06 
120 1.600e-06 
130 1.600e-06 
140 1.400e-06 
150 2.000e-06 
160 1.400e-06 
170 2.000e-06 
180 2.100e-06 
190 1.800e-06 
200 1.900e-06 
220 2.600e-06 
240 2.300e-06 
260 1.700e-06 
280 4.200e-06 
300 5.400e-06 
320 3.000e-06 
340 3.300e-06 
360 2.800e-06 
380 2.200e-06 
400 9.100e-06 
420 6.900e-06 
440 9.500e-06 
460 6.700e-06 
480 4.200e-06 
500 4.200e-06 
520 4.400e-06 
540 4.300e-06 
560 4.400e-06 
580 1.110e-05 
600 2.800e-06 
620 4.800e-06 
640 5.500e-06 
660 5.200e-06 
680 6.000e-06 
700 5.700e-06 
720 5.300e-06 
740 1.470e-05 
760 5.800e-06 
780 5.200e-06 
800 6.700e-06 