1 5.000e-07 
2 4.000e-07 
3 4.000e-07 
4 3.000e-07 
5 3.000e-07 
6 2.000e-07 
7 2.000e-07 
8 2.000e-07 
9 2.000e-07 
10 7.000e-07 
11 1.000e-06 
12 1.400e-06 
13 8.000e-07 
14 8.000e-07 
15 5.000e-07 
16 6.000e-07 
17 7.000e-07 
18 7.000e-07 
19 7.000e-07 
20 7.000e-07 
21 5.800e-06 
22 1.000e-06 
23 1.000e-06 
24 8.000e-07 
25 8.000e-07 
26 6.000e-07 
27 8.000e-07 
28 8.000e-07 
29 6.000e-07 
30 8.000e-07 
31 6.000e-07 
32 5.000e-07 
33 7.000e-07 
34 8.000e-07 
35 1.000e-06 
36 5.000e-07 
37 1.300e-06 
38 7.000e-07 
39 9.000e-07 
40 3.300e-06 
41 1.200e-06 
42 1.000e-06 
43 1.100e-06 
44 9.000e-07 
45 1.100e-06 
46 1.000e-06 
47 9.000e-07 
48 1.000e-06 
49 8.000e-07 
50 2.400e-06 
55 1.900e-06 
60 1.600e-06 
65 2.800e-06 
70 1.200e-06 
75 1.200e-06 
80 1.100e-06 
85 1.600e-06 
90 1.800e-06 
95 1.900e-06 
100 1.600e-06 
110 2.600e-06 
120 1.900e-06 
130 1.900e-06 
140 2.300e-06 
150 2.400e-06 
160 2.000e-06 
170 2.300e-06 
180 2.000e-06 
190 1.900e-06 
200 2.700e-06 
220 2.800e-06 
240 2.600e-06 
260 3.600e-06 
280 2.600e-06 
300 2.700e-06 
320 2.400e-06 
340 3.000e-06 
360 3.900e-06 
380 3.600e-06 
400 2.070e-05 
420 6.300e-06 
440 7.900e-06 
460 5.500e-06 
480 5.000e-06 
500 4.800e-06 
520 4.800e-06 
540 4.400e-06 
560 1.200e-05 
580 7.400e-06 
600 4.600e-06 
620 4.800e-06 
640 6.900e-06 
660 5.600e-06 
680 5.100e-06 
700 5.600e-06 
720 1.300e-05 
740 5.500e-06 
760 4.900e-06 
780 8.700e-06 
800 6.400e-06 