1 2.200e-06 
2 1.000e-06 
3 9.000e-07 
4 9.000e-07 
5 5.000e-07 
6 4.999e-07 
7 6.000e-07 
  8 6.000e-07 
  9 5.000e-07 
 10 6.000e-07 
 11 8.000e-07 
 12 6.000e-07 
 13 6.000e-07 
 14 1.200e-06 
 15 1.100e-06 
 16 1.100e-06 
 17 1.100e-06 
 18 9.000e-07 
 19 1.000e-06 
 20 9.000e-07 
 21 1.200e-06 
 22 1.000e-06 
 23 1.000e-06 
 24 8.000e-07 
 25 6.000e-07 
 26 1.300e-06 
 27 1.600e-06 
 28 1.200e-06 
 29 9.000e-07 
 30 7.000e-07 
 31 8.000e-07 
 32 7.000e-07 
 33 6.000e-07 
 34 1.000e-06 
 35 1.800e-06 
 36 1.100e-06 
 37 8.000e-07 
 38 9.999e-07 
 39 8.000e-07 
 40 9.000e-07 
 41 7.000e-07 
 42 6.000e-07 
 43 7.999e-07 
 44 8.000e-07 
 45 1.200e-06 
 46 8.000e-07 
 47 9.999e-07 
 48 9.000e-07 
 49 1.000e-06 
 50 8.000e-07 
 55 1.500e-06 
 60 1.100e-06 
 65 2.300e-06 
 70 1.300e-06 
 75 2.400e-06 
 80 1.900e-06 
 85 1.500e-06 
 90 1.700e-06 
 95 1.500e-06 
100 2.000e-06 
110 2.400e-06 
120 2.300e-06 
130 2.100e-06 
140 2.100e-06 
150 1.900e-06 
160 1.900e-06 
170 2.800e-06 
180 2.600e-06 
190 2.600e-06 
200 2.500e-06 
220 5.900e-06 
240 3.000e-06 
260 2.900e-06 
280 3.300e-06 
300 3.200e-06 
320 4.500e-06 
340 3.900e-06 
360 3.500e-06 
380 3.500e-06 
400 1.430e-05 
420 5.300e-06 
440 5.700e-06 
460 4.200e-06 
480 5.400e-06 
500 4.900e-06 
520 4.100e-06 
540 5.000e-06 
560 3.300e-06 
580 2.480e-05 
600 6.800e-06 
620 6.900e-06 
640 5.300e-06 
660 4.300e-06 
680 3.800e-06 
700 3.600e-06 
720 3.800e-06 
740 1.170e-05 
760 5.100e-06 
780 7.200e-06 
800 6.600e-06