1 2.700e-06
2 3.000e-07
3 4.000e-07
4 4.000e-07
5 3.000e-07
6 3.000e-07
7 4.000e-07
8 4.000e-07
9 3.000e-07
10 9.000e-07
11 9.000e-07
12 1.000e-06
13 5.000e-07
14 9.000e-07
15 1.300e-06
16 7.000e-07
17 7.000e-07
18 6.000e-07
19 7.000e-07
20 5.000e-07
21 1.100e-06
22 1.200e-06
23 1.000e-06
24 9.000e-07
25 7.000e-07
26 8.000e-07
27 8.000e-07
28 1.000e-06
29 5.000e-07
30 9.000e-07
31 1.100e-06
32 8.000e-07
33 8.000e-07
34 1.100e-06
35 9.000e-07
36 7.000e-07
37 7.000e-07
38 6.000e-07
39 6.000e-07
40 4.000e-07
41 8.000e-07
42 7.000e-07
43 9.000e-07
44 6.000e-07
45 5.000e-07
46 1.000e-06
47 7.000e-07
48 1.000e-06
49 1.100e-06
50 1.000e-06
55 1.300e-06
60 1.400e-06
65 1.400e-06
70 1.200e-06
75 1.100e-06
80 1.100e-06
85 2.800e-06
90 1.600e-06
95 1.400e-06
100 1.300e-06
110 3.000e-06
120 1.700e-06
130 1.500e-06
140 1.700e-06
150 2.700e-06
160 1.600e-06
170 2.300e-06
180 1.800e-06
190 2.200e-06
200 3.500e-06
220 3.500e-06
240 2.800e-06
260 2.200e-06
280 2.200e-06
300 3.000e-06
320 2.700e-06
340 2.200e-06
360 4.600e-06
380 4.200e-06
400 1.210e-05
420 4.700e-06
440 4.500e-06
460 4.400e-06
480 4.200e-06
500 3.500e-06
520 2.800e-06
540 3.700e-06
560 1.620e-05
580 5.400e-06
600 5.300e-06
620 5.900e-06
640 4.200e-06
660 6.800e-06
680 4.800e-06
700 5.500e-06
720 9.800e-06
740 3.700e-06
760 5.500e-06
780 8.900e-06
800 6.800e-06