1 7.000e-07
2 3.000e-07
3 4.000e-07
4 3.000e-07
5 3.000e-07
6 8.000e-07
7 4.000e-07
8 6.000e-07
9 5.000e-07
10 5.000e-07
11 8.000e-07
12 6.000e-07
13 5.000e-07
14 4.000e-07
15 7.000e-07
16 2.000e-06
17 1.000e-06
18 6.000e-07
19 5.000e-07
20 8.000e-07
21 1.100e-06
22 7.000e-07
23 8.000e-07
24 1.100e-06
25 7.000e-07
26 1.100e-06
27 1.400e-06
28 9.000e-07
29 8.000e-07
30 8.000e-07
31 1.100e-06
32 9.000e-07
33 9.000e-07
34 1.400e-06
35 8.000e-07
36 8.000e-07
37 8.000e-07
38 1.000e-06
39 8.000e-07
40 6.000e-07
41 7.000e-07
42 1.000e-06
43 1.400e-06
44 9.000e-07
45 1.100e-06
46 1.000e-06
47 8.000e-07
48 7.000e-07
49 6.000e-07
50 6.000e-07
55 1.700e-06
60 1.500e-06
65 1.600e-06
70 1.400e-06
75 1.100e-06
80 1.400e-06
85 1.200e-06
90 1.300e-06
95 1.400e-06
100 1.300e-06
110 2.500e-06
120 3.300e-06
130 2.000e-06
140 2.200e-06
150 2.400e-06
160 1.800e-06
170 1.700e-06
180 1.900e-06
190 3.200e-06
200 2.800e-06
220 5.300e-06
240 3.000e-06
260 3.100e-06
280 2.300e-06
300 3.100e-06
320 3.100e-06
340 2.600e-06
360 3.100e-06
380 3.000e-06
400 4.800e-06
420 4.300e-06
440 1.300e-05
460 4.200e-06
480 4.300e-06
500 4.200e-06
520 5.400e-06
540 5.900e-06
560 4.200e-06
580 5.000e-06
600 5.200e-06
620 1.110e-05
640 4.100e-06
660 4.000e-06
680 3.400e-06
700 6.000e-06
720 5.000e-06
740 8.300e-06
760 5.600e-06
780 1.580e-05
800 6.100e-06